2 7
3 7
4 7
5 7
6 6
7 5
8 6
9 5
10 5
11 5
12 5
13 5
14 4
15 5
16 5
17 4
18 1
19 1
20 5
21 5
22 5
23 4
24 6
25 6
26 5
27 5
28 5
29 3
30 5
31 5
32 5
33 5
34 4
35 5
36 5
37 5
38 5
39 5
40 5
41 5
42 5
43 5
44 5
45 4
46 5
47 4
48 4
49 4
50 4
51 3
52 3
53 3
54 6
55 5
56 6
57 11
58 21
59 22
60 8
61 5
62 9
63 4
64 2
65 0
66 0
67 0
68 1
69 0
70 5
71 31
72 25
73 6
74 4
75 1
76 0
77 0
78 2
79 3
80 4
81 4
82 5
83 4
84 4
85 5
86 5
87 5
88 5
89 6
90 5
91 6
92 5
93 10
94 5
95 7
96 6
97 6
98 5
99 6
100 4
101 4
102 3
103 3
104 2
105 5
106 3
107 4
108 3
109 3
110 4
111 2
112 3
113 4
114 3
115 3
116 2
117 2
118 2
119 4
120 6
121 7
122 6
123 7
124 7
125 5
126 5
127 5
128 4
129 5
130 4
131 6
132 4
133 4
134 7
135 7
136 9
137 8
138 8
139 7
140 7
141 4
142 4
143 4
144 5
145 6
146 9
147 9
148 9
149 7
150 7
151 5
152 4
153 4
154 4
155 4
156 5
157 4
158 2
159 3
160 2
161 4
162 4
163 4
164 3
165 3
166 3
167 4
168 4
169 4
170 5
171 5
172 4
173 4
174 6
175 7
176 8
177 4
178 4
179 7
180 6
181 6
182 6
183 6
184 6
185 7
186 7
187 7
188 5
189 5
190 7
191 7
192 4
193 3
194 4
195 4
196 4
197 4
198 5
199 4
200 5
201 5
202 5
203 5
204 4
205 4
206 3
207 4
208 5
209 6
210 3
211 4
212 6
213 6
214 4
215 4
216 6
217 7
218 4
219 2
220 6
221 6
222 7
223 7
224 7
225 4
226 4
227 1
228 1
229 3
230 4
231 2
232 4
233 4
234 4
235 3
236 3
237 3
238 3
239 3
240 3
241 3
242 2
243 3
244 5
245 3
246 3
247 3
248 2
249 6
250 6
251 6
252 7
253 8
254 8
255 8
256 8
257 8
258 8
259 4
260 10
261 9
262 9
263 6
264 8
265 9
266 9
267 9
268 9
269 10
270 10
271 10
272 10
273 10
274 10
275 10
276 10
277 10
278 10
279 9
280 9
281 9
282 9
283 9
284 7
285 8
